"","Group","sobs","shannon","simpson","invsimpson","n"
"1","e4057163188",174,3.20341867121171,0.123205776990643,8.11650252468232,18235
"2","e4057163189",136,3.58814086151595,0.0630256561629998,15.8665543665861,8304
"3","e4057163190",169,4.17425477886337,0.0341645193892492,29.2701322271396,8692
"4","e4057163191",222,4.46128432532121,0.027163078690305,36.8146781666881,12559
"5","e4057163192",221,4.1120475197811,0.0365777675145164,27.339011316181,15758
"6","e4057163193",159,3.80116764599806,0.0499147793943099,20.0341464418852,10807
"7","e4057163194",185,4.1456811711902,0.0341862287360386,29.2515447586008,10676
"8","e4057163195",187,4.05551406397592,0.0452128217903538,22.1176197459401,10144
"9","e4057163196",157,3.50590709348723,0.1047506231356,9.54648258946867,17581
"10","e4057163197",110,2.81003068518451,0.187934137515699,5.32101305925044,8732
"11","e4057163198",292,4.53179980355935,0.0229207581000619,43.6285743968171,32789
"12","e4057163199",291,4.07663995652269,0.0385452182455021,25.9435552713907,58997
"13","e4057163200",258,4.02985963174048,0.039737826604729,25.1649394403718,38744
"14","e4057163201",157,3.88871789233896,0.0479721145537468,20.845443426923,12099
"15","e4057163202",229,4.47384929781869,0.0210289815198858,47.5534204571135,11086
"16","e4057163203",206,4.15471641129235,0.0377867816403342,26.4642808037556,13235
"17","e4057163204",255,4.6525514717666,0.0197930840165285,50.5226976839453,12287
"18","e4057163205",221,4.37377999705937,0.0282026754361913,35.4576289140549,13219
"19","e4057163206",253,4.47090670355478,0.0250479341361621,39.9234521523388,16011
"20","e4057163207",101,2.84972195445255,0.126078562855356,7.93156249050249,13651
"21","e4057163208",134,2.98884040038023,0.173165122614471,5.77483493732375,11441
"22","e4057163209",120,3.43537906932154,0.104319685951265,9.5859184283508,6796
"23","e4057163210",203,2.98268491151584,0.159871207678021,6.25503500301312,72566
"24","e4057163211",397,4.84794101788774,0.0172299355520889,58.038522371534,55822
"25","e4057163212",240,4.34844682968688,0.0279237940023345,35.8117525117253,17697
"26","e4057163213",153,3.56729623399859,0.100475649835342,9.95266018820266,11389
"27","e4057163214",185,4.46476112386881,0.0181350351123538,55.1418838620715,8541
"28","e4057163215",88,2.93978047313474,0.166210364827401,6.01647196333657,3698
"29","e4057163216",123,3.47732325655132,0.0977364883062377,10.2315933110539,9464
"30","e4057163217",131,3.43291016941545,0.0648392778851213,15.4227504163718,10804
"31","e4057163218",158,3.83683887037033,0.0368040650287532,27.170911670185,13427
"32","e4057163219",46,2.9054424411991,0.0806911178275788,12.3929377473343,10745
"33","e4057163220",163,3.38378066761327,0.152173060732942,6.57146537753462,12433
"34","e4057163221",150,3.93402469000942,0.0475306366669093,21.0390617531155,7477
"35","e4057163222",258,4.04333514791084,0.0435705719554785,22.9512708949936,37937
"36","e4057163223",289,4.64564563582995,0.0170700407320785,58.5821683553906,46676
"37","e4057163224",159,4.1137216920777,0.0254469692216393,39.2974106774819,13684
"38","e4057163225",176,4.02621696163762,0.0377958387211366,26.4579391233556,10987
"39","e4057163226",204,3.92463446992095,0.0519757449343379,19.2397434854146,11751
"40","e4057163227",151,3.70929136231919,0.0547539776449689,18.2635133192353,12192
"41","e4057163228",257,4.1816707333543,0.053707061620358,18.6195254372461,17070
"42","e4057163229",145,3.54995971117976,0.0602994095312856,16.5839103197381,11895
"43","e4057163230",89,3.07262559184518,0.0856796806150257,11.6713787075512,10091
"44","e4057163231",140,2.88985138802044,0.203840500014064,4.90579644344969,12313
"45","e4057163232",191,3.9881052011411,0.0552807237087525,18.0894882141652,13129
"46","e4057163233",127,3.52050964405145,0.0600381407081617,16.6560787560175,10940
"47","e4057163234",218,3.7794530899205,0.0658474586700564,15.186614946079,24121
"48","e4057163235",251,4.19549621756812,0.0365375840765665,27.369078314112,77461
"49","e4057163236",209,4.42916616809395,0.0222392899205836,44.965464435735,14874
"50","e4057163237",128,3.28232041211362,0.0907160982465267,11.0234017922865,10151
"51","e4057163238",182,4.060076464701,0.0414809264376576,24.1074654275843,12169
"52","e4057163239",20,2.71073678863459,0.0838763575605681,11.9223107569721,190
"53","e4057163240",215,4.30888369825043,0.0321119174944418,31.1410864883136,14166
"54","e4057163241",142,3.47422624854359,0.0757656626508536,13.1985910901122,10951
"55","e4057163242",114,3.38816663917751,0.0687764394727138,14.5398628900633,11949
"56","e4057163243",217,4.02608386346508,0.0799978985688394,12.5003283572441,16001
"57","e4057163244",170,3.38861287559056,0.151120496903629,6.6172360499695,12285
"58","e4057163245",236,4.1454273679964,0.0416577630019741,24.0051296069981,12815
"59","e4057163246",211,4.29897889147958,0.0296053232176196,33.7777092534781,16446
"60","e4057163247",171,3.85035336443373,0.0552251345383409,18.1076969455952,39025
"61","e4057163248",145,3.79288655280732,0.0458521711544192,21.8092180767676,13303
"62","e4057163249",130,3.77331771246643,0.0496263400243977,20.1505893746823,6598
"63","e4057163250",167,3.84034336611811,0.0568154388904755,17.6008496903056,11335
"64","e4057163251",206,4.25711614270376,0.0335680212609018,29.7902575855654,11073
"65","e4057163252",207,4.3163212891202,0.0276921369752971,36.1113337295729,10631
"66","e4057163253",178,4.37225738391466,0.0256677661380225,38.9593700761777,7581
"67","e4057163254",183,4.23465069194571,0.0307561931503048,32.5137768225419,10768
"68","e4057163255",190,4.37623129340405,0.0244472488931858,40.9043980518696,16380
"69","e4057163256",123,3.63607502312943,0.0691326747281494,14.464940115977,7596
"70","e4057163257",161,3.86976655612678,0.0606488810978502,16.4883503520306,9213
"71","e4057163258",236,4.42051981850738,0.0266516914570559,37.5210707212077,16410
"72","e4057163259",216,3.64886425517085,0.0813634949666343,12.2905241522636,47091
"73","e4057163260",195,4.26428889113247,0.0238337226332798,41.9573566155237,16351
"74","e4057163261",186,4.24428805107947,0.026413706679345,37.8591317053574,12016
"75","e4057163262",183,4.28263054931297,0.0285467185815138,35.0302959390778,9572
"76","e4057163263",209,4.24114498548803,0.031072412811649,32.1828885983744,11511
"77","e4057163264",170,3.96977943776121,0.0380364886168167,26.2905445892784,13021
"78","e4057163265",224,4.30590701853246,0.0306682541113954,32.6070077666543,12820
"79","e4057163266",191,4.19518002891058,0.0271835995037182,36.7868868824093,11614
"80","e4057163267",221,4.38227626215273,0.0368266076426449,27.1542795824074,16855
"81","e4057163268",127,2.76400478309262,0.219228023818353,4.56146063164157,13326
"82","e4057163269",174,4.19338690885408,0.031977674363302,31.2718176012078,8835
"83","e4057163270",203,3.66031432384916,0.0772646159320179,12.9425350522658,19276
"84","e4057163271",319,3.95742682827197,0.0586754309691097,17.0429084794701,62943
"85","e4057163272",79,3.39789198229447,0.0655848546315078,15.2474226804124,2466
"86","e4057163273",139,3.96537137150455,0.0419553955597714,23.8348366558804,6805
"87","e4057163274",130,3.29997213674958,0.121161050483525,8.25347746663827,9989
"88","e4057163275",165,4.30253792007195,0.0248986281809886,40.1628552678076,7569
"89","e4057163276",116,3.50998219542264,0.0655866613250049,15.2470026648353,7941
"90","e4057163277",123,3.28169389810347,0.11867872491063,8.42611007788498,9234
"91","e4057163278",76,2.88306813446129,0.095393393568106,10.4829062327681,8842
"92","e4057163279",139,4.07634293604129,0.0444613040726364,22.4914680497518,5976
"93","e4057163280",146,3.84432780150879,0.0644186901740316,15.5234450948697,9659
"94","e4057163281",83,3.02083565264251,0.128309133452701,7.79367744984917,3349
"95","e4057163282",143,2.99172767964726,0.187424033352313,5.33549503824963,29453
